948853
813627
508673
623329
124867
389886
416933
652046
59309
319068
25568
310407
767695
797939
677168
520163
418753
412795
96904
73266
323378
324508
362929
3127
788932
772355
802317
394910
855061
383698
971260
901898
864679
758884
115125
834414
490207
805195
472874
536667
117254
909638
942659
290650
720785
677699
229338
574387
232327
643212
812741
825993
950658
589849
689575
328287
878392
171913
877034
624967
958216
343668
833742
811018
655732
765094
220510
705398
847800
843145
453488
543762
775117
626885
149482
271788
476373
808255
926326
800659
717709
475758
808349
719905
722612
705490
802225
783089
466195
147619
738466
34309
44317
351200
859352
405785
87323
404119
8720